9 9 9 9 9 9 9 9 9 9 B 9 9 9 9 9 9 9 9 9 9 
9 0 0 0 0 0 0 0 0 0 0 0 0 0 0 0 0 0 0 0 9 
9 0 0 0 0 0 0 0 0 0 0 0 0 0 0 0 0 0 0 0 9 
9 0 0 0 0 0 0 0 0 0 3 0 0 0 0 0 0 0 0 0 9 
9 0 0 0 0 0 0 0 0 0 0 0 0 0 0 0 0 0 0 0 9 
9 0 0 0 0 0 0 0 j 0 0 0 j 0 0 0 0 0 0 0 9 
9 0 0 0 0 0 0 0 0 0 0 0 0 0 0 0 0 0 0 0 9 
9 0 0 0 0 0 j 0 0 0 0 0 0 0 j 0 0 0 0 0 9 
9 0 0 0 0 0 0 0 0 0 0 0 0 0 0 0 0 0 0 0 9 
9 0 0 0 0 0 0 0 0 e e e 0 0 0 0 0 0 0 0 9 
9 0 0 0 0 0 0 0 0 e V e 0 0 0 0 0 0 0 0 9 
9 0 0 0 0 0 0 0 0 e e e 0 0 0 0 0 0 0 0 9 
9 0 0 0 0 0 0 0 0 0 0 0 0 0 0 0 0 0 0 0 9 
9 9 9 9 9 9 9 9 9 9 9 9 9 9 9 9 9 9 9 9 9 